RMSE: 
   0.0287   0.0287   0.0191   0.0841   0.6409

Ypred: 
  -0.2163  -0.2163   0.3510   4.3530   4.7370
  -0.0787  -0.0787   0.2596   3.9828   7.7567
  -0.0726  -0.0726   0.2565   3.9835   7.9319
  -0.2237  -0.2237   0.3567   4.3873   4.6106
  -0.1429  -0.1429   0.3039   4.1864   6.4246
  -0.2203  -0.2203   0.3530   4.3524   4.6189
  -0.0718  -0.0718   0.2556   3.9757   7.9351
  -0.0713  -0.0713   0.2559   3.9857   7.9766
  -0.2235  -0.2235   0.3562   4.3810   4.6007
  -0.0684  -0.0684   0.2546   3.9891   8.0668
  -0.1929  -0.1929   0.3358   4.2962   5.2663
  -0.2143  -0.2143   0.3499   4.3532   4.7953
  -0.0697  -0.0697   0.2549   3.9823   8.0125
  -0.0691  -0.0691   0.2548   3.9865   8.0417
  -0.0715  -0.0715   0.2554   3.9738   7.9389
  -0.0692  -0.0692   0.2550   3.9888   8.0424
  -0.0683  -0.0683   0.2546   3.9891   8.0689
  -0.0691  -0.0691   0.2548   3.9849   8.0351
  -0.2629  -0.2629   0.3847   4.5284   3.8389
  -0.1436  -0.1436   0.3021   4.1473   6.3050
  -0.2185  -0.2185   0.3526   4.3621   4.6975
  -0.2238  -0.2238   0.3568   4.3875   4.6078
  -0.1419  -0.1419   0.3012   4.1461   6.3524
  -0.0694  -0.0694   0.2547   3.9826   8.0229
  -0.1451  -0.1451   0.3051   4.1876   6.3649
  -0.3088  -0.3088   0.4128   4.6089   2.7240
  -0.2540  -0.2540   0.3791   4.5102   4.0507
  -0.2768  -0.2768   0.3931   4.5509   3.4969
  -0.2236  -0.2236   0.3567   4.3885   4.6150
  -0.3118  -0.3118   0.4131   4.5867   2.5827
  -0.2059  -0.2059   0.3447   4.3374   4.9966
  -0.2832  -0.2832   0.3970   4.5611   3.3385
  -0.2170  -0.2170   0.3546   4.4134   4.8697
  -0.0689  -0.0689   0.2549   3.9897   8.0548
  -0.0692  -0.0692   0.2547   3.9824   8.0263
  -0.0724  -0.0724   0.2564   3.9844   7.9403
  -0.2226  -0.2226   0.3555   4.3758   4.6121
  -0.2259  -0.2259   0.3624   4.4715   4.7596
  -0.2856  -0.2856   0.3990   4.5761   3.3079
  -0.2603  -0.2603   0.3834   4.5291   3.9151
  -0.2529  -0.2529   0.3785   4.5091   4.0789
  -0.1450  -0.1450   0.3038   4.1651   6.3104
  -0.2138  -0.2138   0.3550   4.4498   5.0505
  -0.0780  -0.0780   0.2591   3.9820   7.7743
  -0.1199  -0.1199   0.2866   4.0872   6.8351
  -0.1343  -0.1343   0.2969   4.1390   6.5514
  -0.3088  -0.3088   0.4120   4.5932   2.6844
  -0.2238  -0.2238   0.3567   4.3864   4.6045
  -0.0704  -0.0704   0.2553   3.9834   7.9943
  -0.1399  -0.1399   0.3020   4.1795   6.4929
  -0.2238  -0.2238   0.3568   4.3877   4.6084
  -0.2690  -0.2690   0.3714   4.2302   2.9144
  -0.1145  -0.1145   0.2828   4.0697   6.9458
  -0.2359  -0.2359   0.3671   4.4621   4.4492
  -0.0855  -0.0855   0.2638   3.9970   7.5971
  -0.0703  -0.0703   0.2553   3.9831   7.9969
  -0.2186  -0.2186   0.3538   4.3823   4.7443
  -0.0691  -0.0691   0.2548   3.9862   8.0403
  -0.1383  -0.1383   0.3009   4.1750   6.5273
  -0.0869  -0.0869   0.2648   4.0004   7.5645
  -0.1808  -0.1808   0.3278   4.2643   5.5325
  -0.2172  -0.2172   0.3552   4.4216   4.8821
  -0.0732  -0.0732   0.2561   3.9706   7.8833
  -0.2190  -0.2190   0.3525   4.3562   4.6672
  -0.0689  -0.0689   0.2546   3.9851   8.0425
  -0.2194  -0.2194   0.3543   4.3834   4.7230
  -0.3120  -0.3120   0.4134   4.5882   2.5797
  -0.2682  -0.2682   0.3880   4.5382   3.7109
  -0.0691  -0.0691   0.2548   3.9865   8.0400
  -0.0723  -0.0723   0.2562   3.9817   7.9355
  -0.2237  -0.2237   0.3568   4.3886   4.6136
  -0.1381  -0.1381   0.3004   4.1681   6.5177
  -0.2172  -0.2172   0.3533   4.3862   4.7939
  -0.2237  -0.2237   0.3568   4.3885   4.6130
  -0.0690  -0.0690   0.2549   3.9887   8.0479
  -0.2335  -0.2335   0.3630   4.4107   4.3893
  -0.0685  -0.0685   0.2546   3.9887   8.0642
  -0.0689  -0.0689   0.2545   3.9824   8.0360
  -0.1863  -0.1863   0.3314   4.2788   5.4112
  -0.0690  -0.0690   0.2547   3.9848   8.0398
  -0.2068  -0.2068   0.3453   4.3387   4.9740
  -0.0691  -0.0691   0.2551   3.9927   8.0566
  -0.1396  -0.1396   0.3008   4.1600   6.4534
  -0.0697  -0.0697   0.2549   3.9830   8.0139
  -0.2251  -0.2251   0.3572   4.3846   4.5643
  -0.0688  -0.0688   0.2544   3.9816   8.0377
  -0.2139  -0.2139   0.3515   4.3852   4.8872
  -0.0721  -0.0721   0.2560   3.9796   7.9361
  -0.0723  -0.0723   0.2561   3.9805   7.9345
  -0.0691  -0.0691   0.2550   3.9888   8.0454

Ytest: 
  -0.2271  -0.2271   0.3594   4.4047   4.5570
  -0.1142  -0.1142   0.2842   4.0962   7.0209
  -0.0957  -0.0957   0.2718   4.0455   7.4259
  -0.1946  -0.1946   0.3377   4.3159   5.2666
  -0.1431  -0.1431   0.3034   4.1751   6.3906
  -0.2314  -0.2314   0.3623   4.4166   4.4620
  -0.1037  -0.1037   0.2771   4.0674   7.2510
  -0.0741  -0.0741   0.2574   3.9866   7.8964
  -0.2062  -0.2062   0.3454   4.3475   5.0135
  -0.0194  -0.0194   0.2210   3.8371   9.0906
  -0.1683  -0.1683   0.3202   4.2441   5.8395
  -0.2158  -0.2158   0.3518   4.3737   4.8044
  -0.0613  -0.0613   0.2489   3.9515   8.1771
  -0.0376  -0.0376   0.2331   3.8868   8.6942
  -0.1045  -0.1045   0.2777   4.0696   7.2334
  -0.0326  -0.0326   0.2298   3.8732   8.8024
  -0.0182  -0.0182   0.2201   3.8337   9.1182
  -0.0438  -0.0438   0.2372   3.9037   8.5591
  -0.2731  -0.2731   0.3901   4.5305   3.5519
  -0.1591  -0.1591   0.3141   4.2190   6.0406
  -0.2131  -0.2131   0.3500   4.3664   4.8632
  -0.2011  -0.2011   0.3421   4.3336   5.1247
  -0.1602  -0.1602   0.3148   4.2220   6.0162
  -0.0549  -0.0549   0.2446   3.9341   8.3164
  -0.1409  -0.1409   0.3020   4.1693   6.4376
  -0.2963  -0.2963   0.4055   4.5938   3.0468
  -0.2995  -0.2995   0.4077   4.6026   2.9762
  -0.2838  -0.2838   0.3972   4.5597   3.3192
  -0.1971  -0.1971   0.3394   4.3228   5.2114
  -0.2946  -0.2946   0.4044   4.5892   3.0831
  -0.2227  -0.2227   0.3565   4.3927   4.6527
  -0.2814  -0.2814   0.3956   4.5531   3.3716
  -0.2704  -0.2704   0.3882   4.5230   3.6119
  -0.0244  -0.0244   0.2242   3.8506   8.9831
  -0.0536  -0.0536   0.2437   3.9304   8.3458
  -0.0916  -0.0916   0.2690   4.0343   7.5158
  -0.2088  -0.2088   0.3472   4.3546   4.9568
  -0.2786  -0.2786   0.3937   4.5454   3.4328
  -0.2975  -0.2975   0.4063   4.5971   3.0202
  -0.2986  -0.2986   0.4071   4.6001   2.9960
  -0.2727  -0.2727   0.3898   4.5293   3.5613
  -0.1631  -0.1631   0.3167   4.2297   5.9548
  -0.2777  -0.2777   0.3931   4.5431   3.4517
  -0.1136  -0.1136   0.2838   4.0946   7.0339
  -0.1294  -0.1294   0.2943   4.1378   6.6889
  -0.1348  -0.1348   0.2979   4.1524   6.5723
  -0.2794  -0.2794   0.3943   4.5477   3.4144
  -0.2024  -0.2024   0.3429   4.3371   5.0969
  -0.0691  -0.0691   0.2541   3.9729   8.0058
  -0.1446  -0.1446   0.3044   4.1793   6.3570
  -0.2008  -0.2008   0.3419   4.3330   5.1301
  -0.2782  -0.2782   0.3935   4.5444   3.4412
  -0.1261  -0.1261   0.2921   4.1286   6.7620
  -0.2890  -0.2890   0.4007   4.5740   3.2047
  -0.1176  -0.1176   0.2864   4.1056   6.9463
  -0.0684  -0.0684   0.2536   3.9708   8.0226
  -0.1747  -0.1747   0.3245   4.2615   5.7010
  -0.0390  -0.0390   0.2340   3.8905   8.6642
  -0.1457  -0.1457   0.3052   4.1823   6.3333
  -0.1182  -0.1182   0.2868   4.1069   6.9353
  -0.1672  -0.1672   0.3195   4.2410   5.8647
  -0.2456  -0.2456   0.3717   4.4553   4.1528
  -0.1112  -0.1112   0.2821   4.0880   7.0867
  -0.2279  -0.2279   0.3600   4.4070   4.5386
  -0.0401  -0.0401   0.2347   3.8936   8.6393
  -0.2670  -0.2670   0.3860   4.5139   3.6846
  -0.2647  -0.2647   0.3844   4.5074   3.7368
  -0.2734  -0.2734   0.3902   4.5312   3.5465
  -0.0383  -0.0383   0.2335   3.8887   8.6790
  -0.0969  -0.0969   0.2726   4.0489   7.3989
  -0.1986  -0.1986   0.3404   4.3268   5.1795
  -0.1502  -0.1502   0.3081   4.1946   6.2351
  -0.1774  -0.1774   0.3263   4.2689   5.6416
  -0.1989  -0.1989   0.3406   4.3276   5.1725
  -0.0305  -0.0305   0.2283   3.8674   8.8487
  -0.2535  -0.2535   0.3770   4.4769   3.9803
  -0.0217  -0.0217   0.2224   3.8432   9.0418
  -0.0487  -0.0487   0.2404   3.9170   8.4526
  -0.1677  -0.1677   0.3198   4.2424   5.8535
  -0.0419  -0.0419   0.2359   3.8984   8.6013
  -0.2237  -0.2237   0.3571   4.3953   4.6319
  -0.0129  -0.0129   0.2166   3.8193   9.2329
  -0.1368  -0.1368   0.2992   4.1579   6.5288
  -0.0588  -0.0588   0.2472   3.9447   8.2317
  -0.1877  -0.1877   0.3331   4.2971   5.4165
  -0.0496  -0.0496   0.2411   3.9195   8.4326
  -0.2687  -0.2687   0.3871   4.5184   3.6484
  -0.0995  -0.0995   0.2744   4.0560   7.3419
  -0.0989  -0.0989   0.2739   4.0544   7.3553
  -0.0314  -0.0314   0.2289   3.8698   8.8296

